6
22
51
82
254
260
264
265
268
274
277
280
282
344
369
370
527
537
551
556
575
598
648
649
653
654
657
658
660
667
779
789
792
793
797
798
819
905
910
911
915
917
920
924
925
928
968
977
981
1088
1093
1095
1096
1097
1099
1103
1142
1147
1210
1211
1505
1784
1850
1920
2015
2180
2274
2275
2312
2523
2525
2528
2530
2752
2847
2858
2862
2866
2926
2936
3045
3064
3066
3070
3071
3072
3099
3100
3104
3105
3126
3129
3134
3136
3137
3139
3140
3141
3142
3143
3144
3147
3148
3251
3357
3363
3369
3445
3563
3745
3755
3757
3759
3815
3817
3847
3871
3910
3951
4097
4098
4116
4198
4206
4209
4223
4275
4282
4285
4286
4290
4291
4528
4529
4530
4532
4533
4545
4551
4571
4647
4657
4732
4852
4891
4893
4900
4901
4904
4909
4913
4914
4972
4976
4978
5311
5317
5415
5618
5668
5671
5678
5693
5704
5713
5716
5721
5732
5734
5735
5736
5741
5745
5747
5750
5766
5776
5779
5780
5792
5793
6039
6174
6201
6430
6437
6983
6985
6987
6988
6989
7033
7076
7077
7078
7084
7115
7123
7128
7226
7430
7455
7481
7484
7936
7983
8187
8218
8367
8471
8515
8520
8522
8616
8623
8629
8633
8638
8689
8774
8778
8792
8794
8795
8797
8799
8802
8804
8805
8807
8810
8815
8816
8894
8898
8905
9090
9266
9283
9427
9430
9431
9433
9438
9441
9446
9465
9541
9553
9554
9574
9717
9718
9793
9955
9956
9960
9968
9995
10002
10023
10024
10040
10104
10182
10190
10204
10207
10208
10210
10211
10212
10213
10214
10216
10220
10222
10224
10227
10228
10229
10233
10234
10262
10389
10415
10417
10419
10420
10429
10430
10438
10456
10479
10480
10482
10508
10842
10848
10853
10855
10861
10862
10865
10866
11141
11273
11373
11377
11395
11540
11542
11694
11699
11701
11704
11711
11744
11873
11897
11898
11899
11900
11901
11903
11904
11905
11908
11909
11910
11912
11915
11917
11918
11920
11921
11922
11924
11926
11927
11928
11929
11931
11932
11934
11935
11938
11940
11942
11943
11944
11945
11946
11948
