# Growth QTLs detected by untagged strains
992
1002
1003
1004
1006
1007
1008
1009
1010
1011
# Methotrexate sensitive QTLs
1296
1757
2505
2506
2507
2508
2509
2510
2511
2512
3123
3124
3125
3126
5182
5183
5184
5185
5186
5926
5927
5928
5929
5930
6876
6877
6878
6879
7707
10459
10460
10461
10462
10463
10464
10465
10466
10467
# Methotrexate sensitive QTLs in our condition
10426
10427
10428
10429
10431
10432
10433
10434
10442
10443
10444
10445
10446
10447
10448
10449
10450
10451
10452
10453
10454
10457
10459
10460
10461
10462
10463
10464
10465
10466
10467
10469
10470
10471
10472
10473
10474
10475
10476
10477
10478
# additional SNPs 2024-05-22
10436
10437
# PPI-specific growth QTLs (Table S3)
686
692
693
694
695
696
697
698
699
700
723
726
727
728
729
730
731
961
962
969
982
983
984
990
1012
1015
1016
1017
1018
1019
1020
1021
1022
1023
1024
1027
1028
1029
1030
1031
1032
1033
1034
1036
1037
1038
1039
1040
1041
1042
1043
1044
1046
1047
1048
1056
1057
1059
1060
1061
1062
1063
1064
1065
1066
1067
1068
1069
1070
1071
1072
1073
1074
1075
1076
1077
1078
1079
1080
1081
1082
1083
1084
1085
1086
1087
1088
1089
1090
1091
1092
1093
1095
1096
1097
1098
1099
1100
1101
1102
1103
1104
1105
1106
1146
1147
1148
1149
1150
1151
1152
1153
1154
1155
1156
1157
1158
1159
1160
1161
1162
1163
1164
1165
1166
1167
1168
1169
1276
1661
1662
1663
1681
1682
1690
1717
1718
1721
1722
1725
1726
1727
1728
1729
1730
1731
1732
1733
1734
1735
1736
1737
1738
1739
1740
1741
1742
1743
1744
1766
1767
1768
1769
1770
1771
1772
1773
1774
1775
1776
1777
1778
1779
1780
1809
1810
1833
2086
2087
2088
2089
2090
2091
2093
2094
2882
4045
4406
4414
4415
4416
4417
4419
4420
4421
4422
5039
5551
6449
6450
7167
7168
7169
7377
7378
7379
7380
7381
7382
7383
7384
7385
7642
7643
7644
7645
7646
7647
7648
7649
7650
7651
7652
7653
7654
7655
7656
7657
8458
8460
8461
8462
8471
8472
8473
8474
8475
8476
8477
8478
8479
8480
8481
8482
8483
8484
8485
8486
8487
8488
8508
8509
8513
8514
8515
8664
8665
8666
8667
8668
8671
8672
8673
8674
8675
8676
8677
8678
8679
8680
8883
8884
8885
8886
8887
8888
8889
8890
8891
8892
8907
8908
9096
9899
9900
9901
9902
9903
9904
9905
9906
10179
10180
10181
10182
10183
10184
10185
10186
10187
10188
10189
10190
10191
10192
10193
10194
10195
10196
10197
10198
10199
10200
10201
10202
10203
10779
10780
10781
10782
10783
11348
11349
11350
11351
11352
11353
11354
11355
11356
11357
